6.666667e-01 0.000000e+00 -8.333333e-02 -8.333333e-02 -8.333333e-02 -8.333333e-02
0.000000e+00 6.666667e-01 -8.333333e-02 -8.333333e-02 -8.333333e-02 -8.333333e-02
-8.333333e-02 -8.333333e-02 6.666667e-01 0.000000e+00 -8.333333e-02 -8.333333e-02
-8.333333e-02 -8.333333e-02 0.000000e+00 6.666667e-01 -8.333333e-02 -8.333333e-02
-8.333333e-02 -8.333333e-02 -8.333333e-02 -8.333333e-02 6.666667e-01 0.000000e+00
-8.333333e-02 -8.333333e-02 -8.333333e-02 -8.333333e-02 0.000000e+00 6.666667e-01
1.666667e-01 0.000000e+00 1.666667e-01 0.000000e+00 0.000000e+00 0.000000e+00
0.000000e+00 1.666667e-01 1.666667e-01 0.000000e+00 0.000000e+00 0.000000e+00
1.666667e-01 0.000000e+00 0.000000e+00 1.666667e-01 0.000000e+00 0.000000e+00
0.000000e+00 1.666667e-01 0.000000e+00 1.666667e-01 0.000000e+00 0.000000e+00
1.666667e-01 0.000000e+00 0.000000e+00 0.000000e+00 1.666667e-01 0.000000e+00
0.000000e+00 1.666667e-01 0.000000e+00 0.000000e+00 1.666667e-01 0.000000e+00
0.000000e+00 0.000000e+00 1.666667e-01 0.000000e+00 1.666667e-01 0.000000e+00
0.000000e+00 0.000000e+00 0.000000e+00 1.666667e-01 1.666667e-01 0.000000e+00
1.666667e-01 0.000000e+00 0.000000e+00 0.000000e+00 0.000000e+00 1.666667e-01
0.000000e+00 1.666667e-01 0.000000e+00 0.000000e+00 0.000000e+00 1.666667e-01
0.000000e+00 0.000000e+00 1.666667e-01 0.000000e+00 0.000000e+00 1.666667e-01
0.000000e+00 0.000000e+00 0.000000e+00 1.666667e-01 0.000000e+00 1.666667e-01
