0.128222 0.262089 0.052294 0.182070
0.128222 -0.262089 0.052294 0.182070
0.048614 0.008821 -0.092319 0.004884
0.048614 -0.008821 -0.092319 0.004884
0.002862 0.092614 0.076122 -0.223096
0.002862 -0.092614 0.076122 -0.223096
0.195421 0.204473 -0.013199 -0.099405
0.195421 -0.204473 -0.013199 -0.099405
0.046995 -0.034119 -0.000000 0.265665
-0.078934 -0.026501 -0.167669 -0.039166
-0.078934 0.026501 -0.167669 -0.039166
0.007108 -0.000769 0.039833 0.025257
0.007108 0.000769 0.039833 0.025257
0.113095 0.017291 0.166361 0.007954
0.113095 -0.017291 0.166361 0.007954
