-0.026038 -0.137464 -0.019368 -0.072860 0.025297 0.019586 0.026390 0.054847 0.042584 0.015058 -0.062281 -0.013834 0.060693 -0.003032 0.003356 0.002905
-0.026038 0.137464 -0.019368 -0.072860 -0.025297 -0.019586 0.026390 0.054847 0.042584 -0.015058 0.062281 0.013834 0.060693 -0.003032 0.003356 0.002905
0.074515 0.074529 -0.004219 0.154470 0.071973 -0.026306 -0.096178 -0.059614 -0.031092 -0.030621 0.030241 -0.036126 0.077909 -0.020661 0.007231 -0.017907
0.074515 -0.074529 -0.004219 0.154470 -0.071973 0.026306 -0.096178 -0.059614 -0.031092 0.030621 -0.030241 0.036126 0.077909 -0.020661 0.007231 -0.017907
0.008237 0.202055 0.015504 -0.076330 -0.093041 -0.059023 -0.025525 0.069952 -0.074220 -0.008750 0.003690 -0.024524 -0.044884 0.010533 -0.041865 0.046219
0.008237 -0.202055 0.015504 -0.076330 0.093041 0.059023 -0.025525 0.069952 -0.074220 0.008750 -0.003690 0.024524 -0.044884 0.010533 -0.041865 0.046219
0.116356 0.027262 -0.093970 -0.093600 -0.068983 0.016698 -0.010446 -0.020607 0.076990 0.069628 -0.021647 0.000318 0.005304 0.045369 0.015030 -0.039520
0.116356 -0.027262 -0.093970 -0.093600 0.068983 -0.016698 -0.010446 -0.020607 0.076990 -0.069628 0.021647 -0.000318 0.005304 0.045369 0.015030 -0.039520
0.199530 -0.000000 -0.005282 0.252078 0.000000 -0.000000 -0.006808 -0.000000 -0.000000 -0.000000 -0.000000 -0.000000 -0.042230 -0.015943 0.051346 0.005707
-0.039351 0.045599 -0.058089 -0.013651 0.013009 0.046908 -0.037340 -0.018437 -0.025592 0.000547 0.014737 0.038437 -0.033728 -0.001406 -0.029441 -0.004319
-0.039351 -0.045599 -0.058089 -0.013651 -0.013009 -0.046908 -0.037340 -0.018437 -0.025592 -0.000547 -0.014737 -0.038437 -0.033728 -0.001406 -0.029441 -0.004319
0.128912 0.085064 0.139784 0.043976 0.010271 0.095198 0.052844 0.049297 -0.011376 0.001205 0.009950 0.026467 -0.024357 0.007496 -0.011532 0.010736
0.128912 -0.085064 0.139784 0.043976 -0.010271 -0.095198 0.052844 0.049297 -0.011376 -0.001205 -0.009950 -0.026467 -0.024357 0.007496 -0.011532 0.010736
0.065881 0.049410 0.086568 -0.070583 -0.045206 0.050867 0.037980 -0.077221 0.023521 0.005468 -0.053171 0.028279 -0.002104 -0.030363 0.031653 -0.001188
0.065881 -0.049410 0.086568 -0.070583 0.045206 -0.050867 0.037980 -0.077221 0.023521 -0.005468 0.053171 -0.028279 -0.002104 -0.030363 0.031653 -0.001188
