0 18 26
0 18 46
0 22 26
0 22 46
1 24 30
1 24 50
1 20 30
1 20 50
2 21 34
2 21 54
2 19 34
2 19 54
3 23 40
3 23 60
3 25 40
3 25 60
4 27 35
4 27 41
4 31 35
4 31 41
5 47 55
5 47 61
5 51 55
5 51 61
6 19 36
6 19 56
6 18 28
6 18 48
6 28 36
6 48 56
7 20 32
7 20 52
7 21 37
7 21 57
7 32 37
7 52 57
8 22 29
8 22 49
8 23 42
8 23 62
8 29 42
8 49 62
9 25 43
9 25 63
9 24 33
9 24 53
9 43 33
9 63 53
10 27 44
10 27 38
10 26 29
10 26 28
10 44 29
10 38 28
11 31 45
11 31 39
11 30 33
11 30 32
11 45 33
11 39 32
12 35 39
12 35 38
12 34 37
12 34 36
12 39 37
12 38 36
13 41 44
13 41 45
13 40 42
13 40 43
13 44 42
13 45 43
14 46 48
14 46 49
14 47 58
14 47 64
14 48 58
14 49 64
15 50 53
15 50 52
15 51 65
15 51 59
15 53 65
15 52 59
16 54 57
16 54 56
16 55 59
16 55 58
16 57 59
16 56 58
17 60 62
17 60 63
17 61 64
17 61 65
17 62 64
17 63 65
39 31 35
39 32 37
45 41 31
45 43 33
44 27 41
44 29 42
38 35 27
38 36 28
59 52 57
59 51 55
65 63 53
65 61 51
64 53 62
64 47 61
58 56 48
58 55 47
18 26 28
18 46 48
22 26 29
22 46 49
24 30 33
24 50 53
20 30 32
20 50 52
23 40 42
23 60 62
25 40 43
25 60 63
21 34 37
21 54 57
19 34 36
19 54 56
