-0.061330 -0.073110 -0.061604 -0.064726 -0.059226 -0.042538
-0.061330 -0.073110 -0.064726 -0.061604 -0.059226 -0.042538
0.235947 0.126506 0.785675 -0.010841 0.039237 0.397477
0.235947 0.126506 -0.010841 0.785675 0.039237 0.397477
-0.061011 -0.078975 -0.065693 -0.071213 -0.063959 -0.055286
-0.061011 -0.078975 -0.071213 -0.065693 -0.063959 -0.055286
-0.049271 0.606047 0.361384 -0.036758 -0.000026 -0.048675
-0.049271 0.606047 -0.036758 0.361384 -0.000026 -0.048675
0.832537 -0.062325 0.116962 0.116962 0.002090 -0.056275
-0.052242 -0.063240 -0.052204 -0.053417 -0.071809 -0.028756
-0.052242 -0.063240 -0.053417 -0.052204 -0.071809 -0.028756
0.079819 0.049187 0.112026 0.067209 0.578950 -0.040885
0.079819 0.049187 0.067209 0.112026 0.578950 -0.040885
-0.051677 -0.068195 -0.056133 -0.057538 -0.077584 -0.034159
-0.051677 -0.068195 -0.057538 -0.056133 -0.077584 -0.034159
