-0.043381 0.021338 -0.033532 -0.043540 -0.076940 -0.018463 -0.055863 -0.047419 -0.073327 0.258574 -0.069220 -0.107756 -0.069994 -0.052461 -0.050852 0.418176 -0.046472 -0.008508
-0.043381 0.021338 -0.043540 -0.033532 -0.076940 -0.018463 -0.073327 0.258574 -0.055863 -0.047419 -0.069220 -0.107756 -0.052461 -0.069994 -0.050852 0.418176 -0.008508 -0.046472
0.311462 -0.032625 0.851715 0.130506 0.108086 0.406114 0.712116 0.513255 0.417483 0.052457 0.198610 0.264743 0.654009 -0.052480 0.471710 -0.026607 0.493329 0.502417
0.311462 -0.032625 0.130506 0.851715 0.108086 0.406114 0.417483 0.052457 0.712116 0.513255 0.198610 0.264743 -0.052480 0.654009 0.471710 -0.026607 0.502417 0.493329
-0.048877 -0.068650 -0.041820 -0.058293 -0.052459 -0.051840 -0.058794 -0.082380 -0.085779 -0.124695 -0.077875 -0.135790 -0.068033 -0.054459 -0.071599 -0.122933 -0.063707 -0.109050
-0.048877 -0.068650 -0.058293 -0.041820 -0.052459 -0.051840 -0.085779 -0.124695 -0.058794 -0.082380 -0.077875 -0.135790 -0.054459 -0.068033 -0.071599 -0.122933 -0.109050 -0.063707
-0.052130 0.683484 0.332813 -0.057591 -0.066776 -0.002191 -0.048883 0.734790 -0.078884 -0.030325 -0.082074 0.200134 0.013986 -0.056037 -0.080010 0.321816 0.237392 -0.082045
-0.052130 0.683484 -0.057591 0.332813 -0.066776 -0.002191 -0.078884 -0.030325 -0.048883 0.734790 -0.082074 0.200134 -0.056037 0.013986 -0.080010 0.321816 -0.082045 0.237392
0.810983 -0.067137 -0.026560 -0.026560 0.432287 -0.029049 0.432881 -0.134470 0.432881 -0.134470 0.639331 0.025499 0.351449 0.351449 0.231331 -0.162624 -0.089896 -0.089896
-0.040420 -0.041945 -0.030458 -0.033522 -0.095178 -0.028396 -0.054465 -0.058678 -0.059109 -0.067216 -0.099817 -0.123258 -0.091182 -0.077195 -0.021989 -0.062685 -0.028868 -0.034682
-0.040420 -0.041945 -0.033522 -0.030458 -0.095178 -0.028396 -0.059109 -0.067216 -0.054465 -0.058678 -0.099817 -0.123258 -0.077195 -0.091182 -0.021989 -0.062685 -0.034682 -0.028868
-0.041775 -0.043879 -0.031952 -0.037974 -0.078643 -0.034604 -0.052248 -0.053667 -0.061957 -0.069304 -0.101436 -0.128264 -0.091719 -0.067250 -0.025494 -0.057005 -0.027579 -0.039627
-0.041775 -0.043879 -0.037974 -0.031952 -0.078643 -0.034604 -0.061957 -0.069304 -0.052248 -0.053667 -0.101436 -0.128264 -0.067250 -0.091719 -0.025494 -0.057005 -0.039627 -0.027579
-0.001445 0.007903 -0.033212 0.086762 0.411621 -0.045281 -0.002046 -0.019243 0.084504 0.155586 0.398670 0.524232 -0.011115 0.621437 -0.039541 -0.071729 -0.037269 -0.064953
-0.001445 0.007903 0.086762 -0.033212 0.411621 -0.045281 0.084504 0.155586 -0.002046 -0.019243 0.398670 0.524232 0.621437 -0.011115 -0.039541 -0.071729 -0.064953 -0.037269
